1     7    25    80   224   346   578   647   921  1181  1592
 1711  1934  2058 /

2     6    17    25    36    38    49    71    72    92   117
  192   268   280   369   427 /

3     3     6    10    25    34    36    83   145   162   179
  237   541   542   551   714   987  1094  1504  1849  2395
/

4    71   103   577   693  1022  1255  1501  1552 /

5     1     3     7    25    51    61    71    85   135   145
  206   210   224   256   335   495   518   591   626   702
  963  1227  1681  1855  3699  6577 /

6     1     3     7    16    51   176   402   431   546   572
  626   742   897  1021  1761 /

7     1     3     6    20    47    64    86   114   116   119
  162   176   199   236   304   344   401   474   556   558
  915  1068  2152  3898  6883 /

8     3    14    42    67    85   119   139   209   213   241
  245   277   302   337   365   379   415   424   456   808
  940  1117 /

9     1     3     9    23    28    48    51    81   119   124
  129   159   210   211   213   252   483   546   626  1627
 1645  1855  1915  2004  6228  6893 /

10    88   127   213   412  3787 /

11     1     3    20    23    32    35    51    65    87    96
  149   165   213   262   311   454   579   654   771   932  10  23  35  71  76  77  97  191  224
  309  360 
/

12   248   436   487   555   710 /

13    10    14    18    25    49    68   142   161   248   336
 1394  1450  2715  4645 1  10  23  35  71  76  77  97  191  224
  309  360 /

14     2     6    15    41    42    68   199   220   248   292
  300   403 /

15   229   429   515  5049 /

16    14    32    39   129   154   165   172   288   363   383
  429   669   715  1642  5073 /

17    10    20    23    36   122   149   165   208   266   429
  527   632  4409 /

18     1     8    10    15    20    23    61    63    73    85
   96    97   200   246   308   469   541   635   861   944
 1060  1507  1547 /

19    97   113   664 /

20     1    15    20    36    40    63    76    78    97   131
  138   145   176   191   220   323   477  1902  1990  3870
/

21     2    20    36    47    49    56   128   133   177   200
  333   383   400   402   413   563  1324 /

22    20    25    39    84    92   117   120   200   249   328
  410   982   988  1713  2130  2788  7068 15  23  55  83  127  369  436  1308 /

23     4     5    16    68    85    87    96   127   155   168
  186   244   245   251   260   315   386   415   425   495
  557   594   595   619   898   995  1448  1669  2040  2202
/

24    11    25    30    41    63    73    77    96   118   132
  151   182   259   289   452   465   791   869  6507 1  16  105  114  127  234  859 /

25    11    15    30    73    74   111   132   271   289   300
  354   369   475   759  1536  4281  6745 1  16  105  114  127  234  859/

26    16    30    33    89    92   152   186   230   254   299
  310   312   391   621   771   859   904  1260  1363  1937
 2673 /

27     2     3    30    35    39    41    45    68    87   136
  259   261   266   336   388   455   479   491   507   523
  815   993  2381  5005 /

28     2     3     6    10    12    14    16    18    28    31
   33    63    72    87    89   107   118   119   124   163
  222   254   256   286   337   379   587 /

29     1     2     3    15    28    30    38    93   145   147
  176   184   424   457   629  1359 /

30    28    33    52    61    67   110   168   181   205   262
  296   425   468   587   605   656   750   802   816  1069
 1681  1861  2147 /